7196
12520
9875
1575
11534
13402
6035
14489
7346
4221
15535
7931
3649
7762
6649
6509
7942
12287
10211
9905
14055
8149
10724
9228
9449
12778
15505
8285
13862
1488
4685
4351
7980
2292
8051
9560
2397
5533
13620
12733
3457
5108
7958
14840
537
8438
5492
5360
15654
3159
14739
9292
14228
13363
5566
11778
6138
11474
210
622
1977
10161
1792
13058
5707
8054
8128
185
14876
16376
7182
1797
6479
12417
2229
13572
502
6867
14255
3469
9662
8795
6273
5895
16302
3521
7345
9992
9400
5874
4721
3884
12538
1705
6293
13154
8295
5443
996
15072
